[gd_scene load_steps=18 format=2]

[ext_resource path="res://Scripts/gamemanager.gd" type="Script" id=1]
[ext_resource path="res://env.tres" type="Environment" id=2]
[ext_resource path="res://Scenes/Camera.tscn" type="PackedScene" id=3]
[ext_resource path="res://Scenes/Player.tscn" type="PackedScene" id=4]
[ext_resource path="res://Scenes/Obstacle.tscn" type="PackedScene" id=5]
[ext_resource path="res://Scenes/Obstacle_long.tscn" type="PackedScene" id=6]
[ext_resource path="res://Scenes/Obstacle_cyl.tscn" type="PackedScene" id=7]
[ext_resource path="res://Scenes/Obstacle_wall.tscn" type="PackedScene" id=8]
[ext_resource path="res://Scenes/End.tscn" type="PackedScene" id=9]
[ext_resource path="res://Scripts/invoke.gd" type="Script" id=10]
[ext_resource path="res://Scenes/Canvas.tscn" type="PackedScene" id=11]
[ext_resource path="res://Scenes/pause_popup.tscn" type="PackedScene" id=12]
[ext_resource path="res://Scenes/ambientmusic.tscn" type="PackedScene" id=13]

[sub_resource type="PhysicsMaterial" id=1]
friction = 0.0

[sub_resource type="SpatialMaterial" id=2]
roughness = 0.0

[sub_resource type="CubeMesh" id=3]
material = SubResource( 2 )
size = Vector3( 15, 1, 1000 )

[sub_resource type="BoxShape" id=4]
margin = 0.001
extents = Vector3( 7.5, 0.5, 1000 )

[node name="Level04" type="Spatial"]
script = ExtResource( 1 )

[node name="DirectionalLight" type="DirectionalLight" parent="."]
transform = Transform( 0.808439, -0.388845, -0.441844, 0, -0.750694, 0.66065, -0.58858, -0.534095, -0.60689, 0, 5.12364, -9.87911 )
light_energy = 0.75
shadow_enabled = true
shadow_bias = 0.05
directional_shadow_normal_bias = 0.0
directional_shadow_bias_split_scale = 1.0

[node name="WorldEnvironment" type="WorldEnvironment" parent="."]
environment = ExtResource( 2 )

[node name="Camera" parent="." instance=ExtResource( 3 )]

[node name="Player" parent="." instance=ExtResource( 4 )]
can_sleep = false
sidewaysForce = 2500

[node name="Ground" type="StaticBody" parent="."]
transform = Transform( 1, 0, 0, 0, 1, 0, 0, 0, 1, 0, 0, 490 )
physics_material_override = SubResource( 1 )
__meta__ = {
"_edit_lock_": true
}

[node name="MeshInstance" type="MeshInstance" parent="Ground"]
mesh = SubResource( 3 )
material/0 = null

[node name="CollisionShape" type="CollisionShape" parent="Ground"]
shape = SubResource( 4 )

[node name="Obstacles" type="Spatial" parent="."]

[node name="Obstacle_0" parent="Obstacles" instance=ExtResource( 5 )]
transform = Transform( 1, 0, 0, 0, 1, 0, 0, 0, 1, 0, 1, 19.7984 )
axis_lock_angular_z = true

[node name="Obstacle_1" parent="Obstacles" instance=ExtResource( 5 )]
transform = Transform( 0.766044, 0, -0.642788, 0, 1, 0, 0.642788, 0, 0.766044, -6, 1, 35.7984 )
axis_lock_angular_z = true

[node name="Obstacle_2" parent="Obstacles" instance=ExtResource( 5 )]
transform = Transform( 0.766044, 0, 0.642788, 0, 1, 0, -0.642788, 0, 0.766044, 6, 1, 35.7984 )
axis_lock_angular_z = true

[node name="Obstacle_3" parent="Obstacles" instance=ExtResource( 5 )]
transform = Transform( 0.707107, 0, -0.707107, 0, 1, 0, 0.707107, 0, 0.707107, -4, 1, 37.7984 )
axis_lock_angular_z = true

[node name="Obstacle_4" parent="Obstacles" instance=ExtResource( 5 )]
transform = Transform( 0.707107, 0, 0.707107, 0, 1, 0, -0.707107, 0, 0.707107, 4, 1, 37.7984 )
axis_lock_angular_z = true

[node name="Obstacle_5" parent="Obstacles" instance=ExtResource( 5 )]
transform = Transform( 0.258819, 0, -0.965926, 0, 1, 0, 0.965926, 0, 0.258819, -2, 1, 40.7984 )
axis_lock_angular_z = true

[node name="Obstacle_6" parent="Obstacles" instance=ExtResource( 5 )]
transform = Transform( 0.258819, 0, 0.965926, 0, 1, 0, -0.965926, 0, 0.258819, 2, 1, 40.7984 )
axis_lock_angular_z = true

[node name="Obstacle_7" parent="Obstacles" instance=ExtResource( 5 )]
transform = Transform( 1, 0, 0, 0, 1, 0, 0, 0, 1, 0, 1, 47.7984 )
axis_lock_angular_z = true

[node name="Obstacle_8" parent="Obstacles" instance=ExtResource( 5 )]
transform = Transform( 1, 0, 0, 0, 1, 0, 0, 0, 1, -6, 1, 50.7984 )
axis_lock_angular_z = true

[node name="Obstacle_9" parent="Obstacles" instance=ExtResource( 5 )]
transform = Transform( 1, 0, 0, 0, 1, 0, 0, 0, 1, 6, 1, 50.7984 )
axis_lock_angular_z = true

[node name="Obstacle_10" parent="Obstacles" instance=ExtResource( 5 )]
transform = Transform( 1, 0, 0, 0, 1, 0, 0, 0, 1, -5, 1, 58.7984 )
axis_lock_angular_z = true

[node name="Obstacle_11" parent="Obstacles" instance=ExtResource( 5 )]
transform = Transform( 1, 0, 0, 0, 1, 0, 0, 0, 1, 5, 1, 58.7984 )
axis_lock_angular_z = true

[node name="Obstacle_12" parent="Obstacles" instance=ExtResource( 5 )]
transform = Transform( 1, 0, 0, 0, 1, 0, 0, 0, 1, 6, 1, 96.7984 )
axis_lock_angular_z = true

[node name="Obstacle_13" parent="Obstacles" instance=ExtResource( 5 )]
transform = Transform( 1, 0, 0, 0, 1, 0, 0, 0, 1, -6, 1, 96.7984 )
axis_lock_angular_z = true

[node name="Obstacle_long_0" parent="Obstacles" instance=ExtResource( 6 )]
transform = Transform( 0.707107, 0, -0.707107, 0, 1, 0, 0.707107, 0, 0.707107, 4, 1, 74 )

[node name="Obstacle_long_1" parent="Obstacles" instance=ExtResource( 6 )]
transform = Transform( 0.707107, 0, 0.707107, 0, 1, 0, -0.707107, 0, 0.707107, -4, 1, 74 )

[node name="Obstacle_long_2" parent="Obstacles" instance=ExtResource( 6 )]
transform = Transform( 1, 0, 0, 0, 1, 0, 0, 0, 1, -3, 4, 82 )

[node name="Obstacle_long_3" parent="Obstacles" instance=ExtResource( 6 )]
transform = Transform( 1, 0, 0, 0, 1, 0, 0, 0, 1, 3, 4, 82 )

[node name="Obstacle_long_4" parent="Obstacles" instance=ExtResource( 6 )]
transform = Transform( 1, 0, 0, 0, 1, 0, 0, 0, 1, 0, 4, 97 )

[node name="Obstacle_cyl_0" parent="Obstacles" instance=ExtResource( 7 )]
transform = Transform( 1, 0, 0, 0, 1, 0, 0, 0, 1, 0, 2, 82 )

[node name="Obstacle_cyl_1" parent="Obstacles" instance=ExtResource( 7 )]
transform = Transform( 1, 0, 0, 0, 1, 0, 0, 0, 1, 6, 2, 82 )

[node name="Obstacle_cyl_2" parent="Obstacles" instance=ExtResource( 7 )]
transform = Transform( 1, 0, 0, 0, 1, 0, 0, 0, 1, -6, 2, 82 )

[node name="Obstacle_cyl_3" parent="Obstacles" instance=ExtResource( 7 )]
transform = Transform( 1, 0, 0, 0, 1, 0, 0, 0, 1, -3, 2, 97 )

[node name="Obstacle_cyl_4" parent="Obstacles" instance=ExtResource( 7 )]
transform = Transform( 1, 0, 0, 0, 1, 0, 0, 0, 1, 3, 2, 97 )

[node name="Obstacle_wall" parent="Obstacles" instance=ExtResource( 8 )]
transform = Transform( 1, 0, 0, 0, 1, 0, 0, 0, 1, 4, 3, 68 )

[node name="Obstacle_wall3" parent="Obstacles" instance=ExtResource( 8 )]
transform = Transform( 1, 0, 0, 0, 1, 0, 0, 0, 1, 0, 3, 17 )

[node name="Obstacle_wall2" parent="Obstacles" instance=ExtResource( 8 )]
transform = Transform( 1, 0, 0, 0, 1, 0, 0, 0, 1, -4, 3, 68 )

[node name="End" parent="." instance=ExtResource( 9 )]

[node name="invoke" type="Timer" parent="."]
one_shot = true
script = ExtResource( 10 )

[node name="Canvas" parent="." instance=ExtResource( 11 )]

[node name="pause_popup" parent="." instance=ExtResource( 12 )]

[node name="ambientmusic" parent="." instance=ExtResource( 13 )]
[connection signal="timeout" from="invoke" to="." method="_on_invoke_timeout"]
